-375.867809
-355.709265
-355.527154
-352.813891
-365.129317
-365.199945
-355.489667
-336.403045
-343.993725
-345.332955
-376.216650
-355.891887
-352.809341
-366.517553
-366.407922
-356.147641
-353.043805
-363.724712
-365.169120
-365.086731
-352.905143
-352.902768
-366.567468
-365.217212
-376.220599
-355.606171
-355.630754
-355.549512
-365.222614
-353.066246
-355.682848
-365.187392
-344.073741
-365.313086
-363.898465
-365.174534
-355.278755
-376.270911
-355.674837
-365.236180
-345.136366
-355.884942
-366.588724
-365.252189
-366.527533
-352.997797
-376.159360
-366.482076
-363.881699
-365.219068
-355.940292
-366.485336
-345.368768
-363.724415
-346.606744
-376.199460
-365.328237
-365.411256
-365.202766
-365.280892
-365.174327
-353.068597
-365.391409
-363.784111
-365.215684
-345.277736
-363.817004
-345.391994
-363.903178
-346.614747
-365.082391
-355.611002
-356.018144
-344.009365
-345.420195
-355.821558
-344.024932
